1   .99413148751060162512
2   .99670840590841139440
3   .99988992996794210316
4   1.00095036086166051457
5   .99409069147117160248
6   .98245258276892295629
7   1.00433947401152586409
8   .98720369489913740406
9   .99490724895612293791
10   .99376444365436420571
11   .98977173676182174765
12   .98709642367195034160
13   .99353348098323900144
14   .98733781672440730928
15   .99366932837453511266
16   .98387577168850861041
17   .98476902855129612314
18   .98531644883128152285
19   .98921935615599264956
20   .98709642367195034160
21   .98289107089723822662
22   .98712323929313646921
23   .98131169234508554221
24   .98313041125541125541
25   .97826028429894464785
26   .97919614104585202851
27   .97642016445423765249
28   .97946008598730406889
29   .97466537914755505485
30   .97632834016255793645
31   .98057021035445873193
32   .97689267663189590278
