1   0.696123
2   0.349948
3   0.234713
4   0.177120
5   0.142130
6   0.118975
7   0.102691
8   0.090745
9   0.080535
10   0.073415
11   0.066287
12   0.061839
13   0.057340
14   0.053533
15   0.049867
16   0.047363
17   0.044992
18   0.043597
19   0.041136
20   0.039762
21   0.037363
22   0.036036
23   0.034484
24   0.033316
25   0.032447
26   0.031397
27   0.030287
28   0.029417
29   0.029412
30   0.028103
31   0.027212
32   0.026744
33   0.046796
34   0.045711
35   0.044458
36   0.043822
37   0.042552
38   0.041256
39   0.040361
40   0.039635
41   0.039065
42   0.038186
43   0.037759
44   0.037491
45   0.036116
46   0.035407
47   0.035042
48   0.034950
49   0.034357
50   0.032909
51   0.032983
52   0.032315
53   0.032527
54   0.032181
55   0.031405
56   0.031197
57   0.030610
58   0.030554
59   0.030148
60   0.030310
61   0.028564
62   0.029596
63   0.027802
64   0.029072
