1   .99509962374419777349
2   1.97919250221447552647
3   2.94240988933964869055
4   3.91562273878437047756
5   4.85731516609280439828
6   5.76643162197487491570
7   6.75447595272457775870
8   7.62494908686606268094
9   8.58791147480007439092
10   9.47898676665799953471
11   10.34574539588654389030
12   11.13508560405112129250
13   12.02635645455334664467
14   12.96990918453328340043
15   13.57168328859454905264
16   14.52448153662270125186
17   15.49223887273540594945
18   16.11919666751995531870
19   16.77909934352365495021
20   17.63834988540870893812
21   18.28317275966741454401
22   19.16914817069795760225
23   20.03523082263103089205
24   20.42034198113207547169
25   21.16925427872860635696
26   22.25621746674378253325
27   22.88341207175658264230
28   23.59510832538492982695
29   24.59286348304633410260
30   24.81577815993121238177
31   25.23803971579522681727
32   26.57629589840003069485
