1   .99491469180015600691
2   1.97910260953055882588
3   2.95076540285369792043
4   3.91024728997289972899
5   4.87288397945542812917
6   5.82124816137844084891
7   6.74433981556319443768
8   7.63218910132789685382
9   8.59977649469174892903
10   9.43380780494449363209
11   10.44824777105616485887
12   11.19977683985834182312
13   12.07853156609696546913
14   12.93749649748753105561
15   13.88860368580423927647
16   14.62287017291978970926
17   15.39346995021337126600
18   15.88602426772484345253
19   16.83642065344224037339
20   17.41821336954881545193
21   18.53660038005513475898
22   19.21919746919746919746
23   20.08418396937710242431
24   20.78829991595629727458
25   21.34505501279008845193
26   22.05889097684492148931
27   22.86733582064912338627
28   23.54363123364041200666
29   23.54763361893104855161
30   24.64445077038038643561
31   25.45138174334852271056
32   25.89676189051749925216
33   14.80004701256517651081
34   15.15134212771542954649
35   15.57836609834000629807
36   15.80445894756058600702
37   16.27615623237450648618
38   16.78744909831297265852
39   17.15970862961770025519
40   17.47402548252806862621
41   17.72899014463074363240
42   18.13709212800502802074
43   18.34219656240896210175
44   18.47331359526286308714
45   19.17662531841842950492
46   19.56062360550173694467
47   19.76436847211917128017
48   19.81639484978540772532
49   20.15842477515499024943
50   21.04539791546385487252
51   20.99818088105993996907
52   21.43224508742070246015
53   21.29255695268546130906
54   21.52148783443646872378
55   22.05327177201082630154
56   22.20030772189633618617
57   22.62603724273113361646
58   22.66750670943248019899
59   22.97276767944805625580
60   22.84998350379412735070
61   24.24670914437753815992
62   23.40123665360183808622
63   24.91126537659161211423
64   23.82302559163456246560
