-1 -2 0
-1 -3 0
-1 -4 0
-1 -5 0
-1 -6 0
-1 -7 0
-1 -8 0
-1 -9 0
-1 -10 0
-1 -11 0
-1 -12 0
-1 -13 0
-1 -14 0
-1 -15 0
-1 -16 0
-2 -3 0
-2 -4 0
-2 -5 0
-2 -6 0
-2 -7 0
-2 -8 0
-2 -9 0
-2 -10 0
-2 -11 0
-2 -12 0
-2 -13 0
-2 -14 0
-2 -15 0
-2 -16 0
-3 -4 0
-3 -5 0
-3 -6 0
-3 -7 0
-3 -8 0
-3 -9 0
-3 -10 0
-3 -11 0
-3 -12 0
-3 -13 0
-3 -14 0
-3 -15 0
-3 -16 0
-4 -5 0
-4 -6 0
-4 -7 0
-4 -8 0
-4 -9 0
-4 -10 0
-4 -11 0
-4 -12 0
-4 -13 0
-4 -14 0
-4 -15 0
-4 -16 0
-5 -6 0
-5 -7 0
-5 -8 0
-5 -9 0
-5 -10 0
-5 -11 0
-5 -12 0
-5 -13 0
-5 -14 0
-5 -15 0
-5 -16 0
-6 -7 0
-6 -8 0
-6 -9 0
-6 -10 0
-6 -11 0
-6 -12 0
-6 -13 0
-6 -14 0
-6 -15 0
-6 -16 0
-7 -8 0
-7 -9 0
-7 -10 0
-7 -11 0
-7 -12 0
-7 -13 0
-7 -14 0
-7 -15 0
-7 -16 0
-8 -9 0
-8 -10 0
-8 -11 0
-8 -12 0
-8 -13 0
-8 -14 0
-8 -15 0
-8 -16 0
-9 -10 0
-9 -11 0
-9 -12 0
-9 -13 0
-9 -14 0
-9 -15 0
-9 -16 0
-10 -11 0
-10 -12 0
-10 -13 0
-10 -14 0
-10 -15 0
-10 -16 0
-11 -12 0
-11 -13 0
-11 -14 0
-11 -15 0
-11 -16 0
-12 -13 0
-12 -14 0
-12 -15 0
-12 -16 0
-13 -14 0
-13 -15 0
-13 -16 0
-14 -15 0
-14 -16 0
-15 -16 0
-17 -18 0
-17 -19 0
-17 -20 0
-17 -21 0
-17 -22 0
-17 -23 0
-17 -24 0
-17 -25 0
-18 -19 0
-18 -20 0
-18 -21 0
-18 -22 0
-18 -23 0
-18 -24 0
-18 -25 0
-19 -20 0
-19 -21 0
-19 -22 0
-19 -23 0
-19 -24 0
-19 -25 0
-20 -21 0
-20 -22 0
-20 -23 0
-20 -24 0
-20 -25 0
-21 -22 0
-21 -23 0
-21 -24 0
-21 -25 0
-22 -23 0
-22 -24 0
-22 -25 0
-23 -24 0
-23 -25 0
-24 -25 0
-26 -27 0
-26 -28 0
-26 -29 0
-26 -30 0
-26 -31 0
-26 -32 0
-26 -33 0
-26 -34 0
-26 -35 0
-26 -36 0
-26 -37 0
-26 -38 0
-26 -39 0
-26 -40 0
-26 -41 0
-27 -28 0
-27 -29 0
-27 -30 0
-27 -31 0
-27 -32 0
-27 -33 0
-27 -34 0
-27 -35 0
-27 -36 0
-27 -37 0
-27 -38 0
-27 -39 0
-27 -40 0
-27 -41 0
-28 -29 0
-28 -30 0
-28 -31 0
-28 -32 0
-28 -33 0
-28 -34 0
-28 -35 0
-28 -36 0
-28 -37 0
-28 -38 0
-28 -39 0
-28 -40 0
-28 -41 0
-29 -30 0
-29 -31 0
-29 -32 0
-29 -33 0
-29 -34 0
-29 -35 0
-29 -36 0
-29 -37 0
-29 -38 0
-29 -39 0
-29 -40 0
-29 -41 0
-30 -31 0
-30 -32 0
-30 -33 0
-30 -34 0
-30 -35 0
-30 -36 0
-30 -37 0
-30 -38 0
-30 -39 0
-30 -40 0
-30 -41 0
-31 -32 0
-31 -33 0
-31 -34 0
-31 -35 0
-31 -36 0
-31 -37 0
-31 -38 0
-31 -39 0
-31 -40 0
-31 -41 0
-32 -33 0
-32 -34 0
-32 -35 0
-32 -36 0
-32 -37 0
-32 -38 0
-32 -39 0
-32 -40 0
-32 -41 0
-33 -34 0
-33 -35 0
-33 -36 0
-33 -37 0
-33 -38 0
-33 -39 0
-33 -40 0
-33 -41 0
-34 -35 0
-34 -36 0
-34 -37 0
-34 -38 0
-34 -39 0
-34 -40 0
-34 -41 0
-35 -36 0
-35 -37 0
-35 -38 0
-35 -39 0
-35 -40 0
-35 -41 0
-36 -37 0
-36 -38 0
-36 -39 0
-36 -40 0
-36 -41 0
-37 -38 0
-37 -39 0
-37 -40 0
-37 -41 0
-38 -39 0
-38 -40 0
-38 -41 0
-39 -40 0
-39 -41 0
-40 -41 0
-42 -43 0
-42 -44 0
-42 -45 0
-43 -44 0
-43 -45 0
-44 -45 0
-46 -47 0
-46 -48 0
-46 -49 0
-47 -48 0
-47 -49 0
-48 -49 0
-50 -51 0
-50 -52 0
-50 -53 0
-50 -54 0
-50 -55 0
-50 -56 0
-50 -57 0
-50 -58 0
-50 -59 0
-50 -60 0
-50 -61 0
-50 -62 0
-50 -63 0
-50 -64 0
-50 -65 0
-51 -52 0
-51 -53 0
-51 -54 0
-51 -55 0
-51 -56 0
-51 -57 0
-51 -58 0
-51 -59 0
-51 -60 0
-51 -61 0
-51 -62 0
-51 -63 0
-51 -64 0
-51 -65 0
-52 -53 0
-52 -54 0
-52 -55 0
-52 -56 0
-52 -57 0
-52 -58 0
-52 -59 0
-52 -60 0
-52 -61 0
-52 -62 0
-52 -63 0
-52 -64 0
-52 -65 0
-53 -54 0
-53 -55 0
-53 -56 0
-53 -57 0
-53 -58 0
-53 -59 0
-53 -60 0
-53 -61 0
-53 -62 0
-53 -63 0
-53 -64 0
-53 -65 0
-54 -55 0
-54 -56 0
-54 -57 0
-54 -58 0
-54 -59 0
-54 -60 0
-54 -61 0
-54 -62 0
-54 -63 0
-54 -64 0
-54 -65 0
-55 -56 0
-55 -57 0
-55 -58 0
-55 -59 0
-55 -60 0
-55 -61 0
-55 -62 0
-55 -63 0
-55 -64 0
-55 -65 0
-56 -57 0
-56 -58 0
-56 -59 0
-56 -60 0
-56 -61 0
-56 -62 0
-56 -63 0
-56 -64 0
-56 -65 0
-57 -58 0
-57 -59 0
-57 -60 0
-57 -61 0
-57 -62 0
-57 -63 0
-57 -64 0
-57 -65 0
-58 -59 0
-58 -60 0
-58 -61 0
-58 -62 0
-58 -63 0
-58 -64 0
-58 -65 0
-59 -60 0
-59 -61 0
-59 -62 0
-59 -63 0
-59 -64 0
-59 -65 0
-60 -61 0
-60 -62 0
-60 -63 0
-60 -64 0
-60 -65 0
-61 -62 0
-61 -63 0
-61 -64 0
-61 -65 0
-62 -63 0
-62 -64 0
-62 -65 0
-63 -64 0
-63 -65 0
-64 -65 0
-66 -67 0
-66 -68 0
-66 -69 0
-66 -70 0
-66 -71 0
-66 -72 0
-66 -73 0
-66 -74 0
-66 -75 0
-66 -76 0
-66 -77 0
-66 -78 0
-66 -79 0
-66 -80 0
-66 -81 0
-66 -82 0
-66 -83 0
-66 -84 0
-66 -85 0
-66 -86 0
-66 -87 0
-66 -88 0
-66 -89 0
-66 -90 0
-67 -68 0
-67 -69 0
-67 -70 0
-67 -71 0
-67 -72 0
-67 -73 0
-67 -74 0
-67 -75 0
-67 -76 0
-67 -77 0
-67 -78 0
-67 -79 0
-67 -80 0
-67 -81 0
-67 -82 0
-67 -83 0
-67 -84 0
-67 -85 0
-67 -86 0
-67 -87 0
-67 -88 0
-67 -89 0
-67 -90 0
-68 -69 0
-68 -70 0
-68 -71 0
-68 -72 0
-68 -73 0
-68 -74 0
-68 -75 0
-68 -76 0
-68 -77 0
-68 -78 0
-68 -79 0
-68 -80 0
-68 -81 0
-68 -82 0
-68 -83 0
-68 -84 0
-68 -85 0
-68 -86 0
-68 -87 0
-68 -88 0
-68 -89 0
-68 -90 0
-69 -70 0
-69 -71 0
-69 -72 0
-69 -73 0
-69 -74 0
-69 -75 0
-69 -76 0
-69 -77 0
-69 -78 0
-69 -79 0
-69 -80 0
-69 -81 0
-69 -82 0
-69 -83 0
-69 -84 0
-69 -85 0
-69 -86 0
-69 -87 0
-69 -88 0
-69 -89 0
-69 -90 0
-70 -71 0
-70 -72 0
-70 -73 0
-70 -74 0
-70 -75 0
-70 -76 0
-70 -77 0
-70 -78 0
-70 -79 0
-70 -80 0
-70 -81 0
-70 -82 0
-70 -83 0
-70 -84 0
-70 -85 0
-70 -86 0
-70 -87 0
-70 -88 0
-70 -89 0
-70 -90 0
-71 -72 0
-71 -73 0
-71 -74 0
-71 -75 0
-71 -76 0
-71 -77 0
-71 -78 0
-71 -79 0
-71 -80 0
-71 -81 0
-71 -82 0
-71 -83 0
-71 -84 0
-71 -85 0
-71 -86 0
-71 -87 0
-71 -88 0
-71 -89 0
-71 -90 0
-72 -73 0
-72 -74 0
-72 -75 0
-72 -76 0
-72 -77 0
-72 -78 0
-72 -79 0
-72 -80 0
-72 -81 0
-72 -82 0
-72 -83 0
-72 -84 0
-72 -85 0
-72 -86 0
-72 -87 0
-72 -88 0
-72 -89 0
-72 -90 0
-73 -74 0
-73 -75 0
-73 -76 0
-73 -77 0
-73 -78 0
-73 -79 0
-73 -80 0
-73 -81 0
-73 -82 0
-73 -83 0
-73 -84 0
-73 -85 0
-73 -86 0
-73 -87 0
-73 -88 0
-73 -89 0
-73 -90 0
-74 -75 0
-74 -76 0
-74 -77 0
-74 -78 0
-74 -79 0
-74 -80 0
-74 -81 0
-74 -82 0
-74 -83 0
-74 -84 0
-74 -85 0
-74 -86 0
-74 -87 0
-74 -88 0
-74 -89 0
-74 -90 0
-75 -76 0
-75 -77 0
-75 -78 0
-75 -79 0
-75 -80 0
-75 -81 0
-75 -82 0
-75 -83 0
-75 -84 0
-75 -85 0
-75 -86 0
-75 -87 0
-75 -88 0
-75 -89 0
-75 -90 0
-76 -77 0
-76 -78 0
-76 -79 0
-76 -80 0
-76 -81 0
-76 -82 0
-76 -83 0
-76 -84 0
-76 -85 0
-76 -86 0
-76 -87 0
-76 -88 0
-76 -89 0
-76 -90 0
-77 -78 0
-77 -79 0
-77 -80 0
-77 -81 0
-77 -82 0
-77 -83 0
-77 -84 0
-77 -85 0
-77 -86 0
-77 -87 0
-77 -88 0
-77 -89 0
-77 -90 0
-78 -79 0
-78 -80 0
-78 -81 0
-78 -82 0
-78 -83 0
-78 -84 0
-78 -85 0
-78 -86 0
-78 -87 0
-78 -88 0
-78 -89 0
-78 -90 0
-79 -80 0
-79 -81 0
-79 -82 0
-79 -83 0
-79 -84 0
-79 -85 0
-79 -86 0
-79 -87 0
-79 -88 0
-79 -89 0
-79 -90 0
-80 -81 0
-80 -82 0
-80 -83 0
-80 -84 0
-80 -85 0
-80 -86 0
-80 -87 0
-80 -88 0
-80 -89 0
-80 -90 0
-81 -82 0
-81 -83 0
-81 -84 0
-81 -85 0
-81 -86 0
-81 -87 0
-81 -88 0
-81 -89 0
-81 -90 0
-82 -83 0
-82 -84 0
-82 -85 0
-82 -86 0
-82 -87 0
-82 -88 0
-82 -89 0
-82 -90 0
-83 -84 0
-83 -85 0
-83 -86 0
-83 -87 0
-83 -88 0
-83 -89 0
-83 -90 0
-84 -85 0
-84 -86 0
-84 -87 0
-84 -88 0
-84 -89 0
-84 -90 0
-85 -86 0
-85 -87 0
-85 -88 0
-85 -89 0
-85 -90 0
-86 -87 0
-86 -88 0
-86 -89 0
-86 -90 0
-87 -88 0
-87 -89 0
-87 -90 0
-88 -89 0
-88 -90 0
-89 -90 0
-91 -92 0
-91 -93 0
-91 -94 0
-92 -93 0
-92 -94 0
-93 -94 0
-95 -96 0
-95 -97 0
-95 -98 0
-95 -99 0
-95 -100 0
-95 -101 0
-95 -102 0
-95 -103 0
-96 -97 0
-96 -98 0
-96 -99 0
-96 -100 0
-96 -101 0
-96 -102 0
-96 -103 0
-97 -98 0
-97 -99 0
-97 -100 0
-97 -101 0
-97 -102 0
-97 -103 0
-98 -99 0
-98 -100 0
-98 -101 0
-98 -102 0
-98 -103 0
-99 -100 0
-99 -101 0
-99 -102 0
-99 -103 0
-100 -101 0
-100 -102 0
-100 -103 0
-101 -102 0
-101 -103 0
-102 -103 0
-104 -105 0
-104 -106 0
-104 -107 0
-105 -106 0
-105 -107 0
-106 -107 0
-108 0
-109 0
-110 0
-111 0
-112 0
-113 0
-114 0
-115 0
-116 0
-117 0
-118 0
-119 0
-120 0
-121 0
-122 0
-123 0
-124 0
-125 0
-126 0
-127 0
-128 0
-129 0
-130 0
-131 0
-132 0
-133 0
-134 0
-135 0
-136 0
-137 0
-138 0
-139 0
-140 0
-141 0
-142 0
-143 0
-144 0
-145 0
-146 0
-147 0
-148 0
-149 0
-150 0
-151 0
-152 0
-153 0
-154 0
-155 0
-156 0
-157 0
-158 0
-159 0
-160 0
-161 0
-162 0
-163 0
-164 0
-165 0
-166 0
-167 0
-168 0
-169 0
-170 0
-171 0
-172 0
-173 0
-174 0
-175 0
-176 0
-177 0
-178 0
-179 0
-180 0
-181 0
-182 0
-183 0
-184 0
-185 0
-186 0
-187 0
-188 0
-189 0
-190 0
-191 0
-192 0
-193 0
-194 0
-195 0
-196 0
-197 0
-198 0
-199 0
-200 0
-201 0
-202 0
-203 0
-204 0
-205 0
-206 0
-207 0
-208 0
-209 0
-210 0
-211 0
-212 0
-213 0
-214 0
-215 0
-216 0
-217 0
-218 0
-219 0
-220 0
-221 0
-222 0
-223 0
-224 0
-225 0
-226 0
-227 0
-228 0
-229 0
-230 0
-231 0
-232 0
-233 0
-234 0
-235 0
-236 0
-237 0
-238 0
-239 0
-240 0
-241 0
-242 0
-243 0
-244 0
-245 0
-246 0
-247 0
-248 0
-249 0
-250 0
-251 0
-252 0
-253 0
-254 0
-255 0
-256 0
-257 0
-258 0
-259 0
-260 0
-261 0
-262 0
-263 0
-264 0
-265 0
-266 0
-267 0
-268 0
-269 0
-270 0
-271 0
-272 0
-273 0
-274 0
-275 0
-276 0
-277 0
-278 0
-279 0
-280 0
-281 0
-282 0
-283 0
-284 0
-285 0
-286 0
-287 0
-288 0
-289 0
-290 0
-291 0
-292 0
-293 0
-294 0
-295 0
-296 0
-297 0
-298 0
-299 0
-300 0
-301 0
-302 0
-303 0
-304 0
-305 0
-306 0
-307 0
-308 0
-309 0
-310 0
-311 0
-312 0
-313 0
-314 0
-315 0
-316 0
-317 0
-318 0
-319 0
-320 0
-321 0
-322 0
-323 0
-324 0
-325 0
-326 0
-327 0
-328 0
-329 0
-330 0
-331 0
-332 0
-333 0
-334 0
-335 0
-336 0
-337 0
-338 0
-339 0
-340 0
-341 0
-342 0
-343 0
-344 0
-345 0
-346 0
-347 0
-348 0
-349 0
-350 0
-351 0
-352 0
-353 0
-354 0
-355 0
-356 0
-357 0
-358 0
-359 0
-360 0
-361 0
-362 0
-363 0
-364 0
-365 0
-366 0
-367 0
-368 0
-369 0
-370 0
-371 0
-372 0
-373 0
-374 0
-375 0
-376 0
-377 0
-378 0
-379 0
-380 0
-381 0
-382 0
-383 0
-384 0
-385 0
-386 0
-387 0
-388 0
-389 0
-390 0
-391 0
-392 0
-393 0
-394 0
-395 0
-396 0
-397 0
-398 0
-399 0
-400 0
-401 0
-402 0
-403 0
-404 0
-405 0
-406 0
-407 0
-408 0
-409 0
-410 0
-411 0
-412 0
-413 0
-414 0
-415 0
-416 0
-417 0
-418 0
-419 0
-420 0
-421 0
-422 0
-423 0
-424 0
-425 0
-426 0
-427 0
-428 0
-429 0
-430 0
-431 0
-432 0
-433 0
-434 0
-435 0
-436 0
-437 0
-438 0
-439 0
-440 0
-441 0
-442 0
-443 0
-444 0
-445 0
-446 0
-447 0
-448 0
-449 0
-450 0
-451 0
-452 0
-453 0
-454 0
-455 0
-456 0
-457 0
-458 0
-459 0
-460 0
-461 0
-462 0
-463 0
-464 0
-465 0
-466 0
-467 0
-468 0
-469 0
-470 0
-471 0
-472 0
-473 0
-474 0
-475 0
-476 0
-477 0
-478 0
-479 0
-480 0
-481 0
-482 0
-483 0
-484 0
-485 0
-486 0
-487 0
-488 0
-489 0
-490 0
-491 0
-492 0
-493 0
-494 0
-495 0
-496 0
-497 0
-498 0
-499 0
-500 0
-501 0
-502 0
-503 0
-504 0
-505 0
-506 0
-507 0
-508 0
-509 0
-510 0
-511 0
-512 0
-513 0
-514 0
-515 0
-516 0
-517 0
-518 0
-519 0
-520 0
-521 0
-522 0
-523 0
-524 0
-525 0
-526 0
-527 0
-528 0
-529 0
-530 0
-531 0
-532 0
-533 0
-534 0
-535 0
-536 0
-537 0
-538 0
-539 0
-540 0
-541 0
-542 0
-543 0
-544 0
-545 0
-546 0
-547 0
-548 0
-549 0
-550 0
-551 0
-552 0
-553 0
-554 0
-555 0
-556 0
-557 0
-558 0
-559 0
-560 0
-561 0
-562 0
-563 0
-564 0
-565 0
-566 0
-567 0
-568 0
-569 0
-570 0
-571 0
-572 0
-573 0
-574 0
-575 0
-576 0
132 133 134 135 136 1 2 3 4 137 138 139 140 141 142 143 144 17 18 19 145 146 147 148 149 150 151 152 153 5 6 7 8 154 155 156 157 158 159 160 161 20 21 22 162 163 164 165 166 167 168 169 170 9 10 11 12 171 172 173 174 175 176 177 178 23 24 25 179 180 181 182 183 184 185 186 187 13 14 15 16 188 189 190 191 192 193 194 195 196 197 198 199 200 201 202 113 114 115 116 1 2 3 4 5 6 7 8 9 10 11 12 13 14 15 16 208 209 210 211 232 26 27 28 252 30 31 32 272 34 35 36 290 38 39 40 308 309 310 311 330 331 332 333 352 353 50 51 372 373 54 55 392 393 58 59 407 408 62 63 422 423 424 425 441 442 443 444 460 461 462 463 479 480 481 482 501 502 503 504 520 521 522 523 539 540 541 542 558 559 560 561 0
132 133 134 135 136 1 2 3 4 137 138 139 140 141 142 143 144 17 18 19 145 146 147 148 149 150 151 152 153 5 6 7 8 154 155 156 157 158 159 160 161 20 21 22 162 163 164 165 166 167 168 169 170 9 10 11 12 171 172 173 174 175 176 177 178 23 24 25 179 180 181 182 125 126 127 17 18 19 20 21 22 23 24 25 196 197 198 220 221 222 240 241 242 260 261 262 280 281 282 298 299 300 47 319 320 49 341 342 360 361 362 380 381 382 400 401 402 415 416 417 434 435 436 453 454 455 472 473 474 489 490 491 96 97 510 99 100 531 102 103 550 570 571 572 0
227 228 229 230 231 232 26 27 28 29 233 234 235 236 237 238 239 240 241 242 243 244 245 246 247 248 249 250 251 252 30 31 32 33 253 254 255 256 257 258 259 260 261 262 263 264 265 266 267 268 269 270 271 272 34 35 36 37 273 274 275 276 277 278 279 280 281 282 283 284 285 286 287 42 43 288 289 290 38 39 40 41 291 292 293 294 295 296 297 298 299 300 301 302 303 304 114 115 116 117 2 3 4 137 6 7 8 154 10 11 12 171 14 15 16 188 209 210 211 212 26 27 28 29 30 31 32 33 34 35 36 37 38 39 40 41 309 310 311 312 331 332 333 334 353 50 51 52 373 54 55 56 393 58 59 60 408 62 63 64 423 424 425 426 442 443 444 445 461 462 463 464 480 481 482 483 502 503 504 505 521 522 523 524 540 541 542 543 559 560 561 562 0
287 42 43 288 289 290 38 39 40 41 291 292 293 294 295 296 297 298 299 300 301 302 303 304 305 44 45 306 307 308 309 310 311 312 313 314 315 316 317 318 46 47 319 320 321 322 323 324 109 110 133 134 150 151 167 168 184 185 204 205 228 229 248 249 268 269 42 43 44 45 326 327 348 349 368 369 388 389 67 68 72 73 77 78 82 83 87 88 497 498 516 517 537 538 556 557 0
305 44 45 306 307 308 309 310 311 312 313 314 315 316 317 318 46 47 319 320 321 322 323 324 325 326 327 328 329 330 331 332 333 334 335 336 337 338 339 340 48 49 341 342 343 344 345 346 124 125 144 17 161 20 178 23 195 196 219 220 239 240 259 260 279 280 297 298 46 47 48 49 359 360 379 380 399 400 414 415 433 434 452 453 471 472 488 489 95 96 98 99 101 102 569 570 0
347 348 349 350 351 352 353 50 51 52 53 354 355 356 357 358 359 360 361 362 363 364 365 366 367 368 369 370 371 372 373 54 55 56 57 374 375 376 377 378 379 380 381 382 383 384 385 386 387 388 389 390 391 392 393 58 59 60 61 394 395 396 397 398 399 400 401 402 403 404 405 406 66 67 68 69 70 407 408 62 63 64 65 409 410 411 412 413 414 415 416 417 418 419 420 421 115 116 117 118 3 4 137 138 7 8 154 155 11 12 171 172 15 16 188 189 210 211 212 213 27 28 29 233 31 32 33 253 35 36 37 273 39 40 41 291 310 311 312 313 332 333 334 335 50 51 52 53 54 55 56 57 58 59 60 61 62 63 64 65 424 425 426 427 443 444 445 446 462 463 464 465 481 482 483 484 503 504 505 506 522 523 524 525 541 542 543 544 560 561 562 563 0
66 67 68 69 70 407 408 62 63 64 65 409 410 411 412 413 414 415 416 417 418 419 420 421 71 72 73 74 75 422 423 424 425 426 427 428 429 430 431 432 433 434 435 436 437 438 439 440 76 77 78 79 80 441 442 443 444 445 446 447 448 449 450 451 452 453 454 455 456 457 458 459 81 82 83 84 85 460 461 462 463 464 465 466 467 468 469 470 471 472 473 474 475 476 477 478 86 87 88 89 90 479 480 481 482 483 484 91 92 485 486 487 488 489 490 491 492 493 494 495 108 109 110 111 112 132 133 134 135 136 149 150 151 152 153 166 167 168 169 170 183 184 185 186 187 203 204 205 206 207 227 228 229 230 231 247 248 249 250 251 267 268 269 270 271 287 42 43 288 289 305 44 45 306 307 325 326 327 328 329 347 348 349 350 351 367 368 369 370 371 387 388 389 390 391 66 67 68 69 70 71 72 73 74 75 76 77 78 79 80 81 82 83 84 85 86 87 88 89 90 496 497 498 499 500 515 516 517 518 519 536 537 538 104 105 555 556 557 106 107 0
86 87 88 89 90 479 480 481 482 483 484 91 92 485 486 487 488 489 490 491 492 493 494 495 496 497 498 499 500 501 502 503 504 505 506 93 94 507 508 509 95 96 97 510 511 512 513 514 119 120 139 140 156 157 173 174 190 191 214 215 234 235 254 255 274 275 292 293 314 315 336 337 354 355 374 375 394 395 409 410 428 429 447 448 466 467 91 92 93 94 526 527 545 546 564 565 0
496 497 498 499 500 501 502 503 504 505 506 93 94 507 508 509 95 96 97 510 511 512 513 514 515 516 517 518 519 520 521 522 523 524 525 526 527 528 529 530 98 99 100 531 532 533 534 535 536 537 538 104 105 539 540 541 542 543 544 545 546 547 548 549 101 102 103 550 551 552 553 554 124 125 126 144 17 18 161 20 21 178 23 24 195 196 197 219 220 221 239 240 241 259 260 261 279 280 281 297 298 299 46 47 319 48 49 341 359 360 361 379 380 381 399 400 401 414 415 416 433 434 435 452 453 454 471 472 473 488 489 490 95 96 97 98 99 100 101 102 103 569 570 571 0
536 537 538 104 105 539 540 541 542 543 544 545 546 547 548 549 101 102 103 550 551 552 553 554 555 556 557 106 107 558 559 560 561 562 563 564 565 566 567 568 569 570 571 572 573 574 575 576 111 112 135 136 152 153 169 170 186 187 206 207 230 231 250 251 270 271 288 289 306 307 328 329 350 351 370 371 390 391 69 70 74 75 79 80 84 85 89 90 499 500 518 519 104 105 106 107 0
577 0
578 0
-579 -580 -577 0
-579 -580 -581 0
-579 -580 -582 0
-579 -580 -583 0
-579 -580 -584 0
-579 -580 -578 0
-579 -580 -585 0
-579 -580 -586 0
-579 -577 -581 0
-579 -577 -582 0
-579 -577 -583 0
-579 -577 -584 0
-579 -577 -578 0
-579 -577 -585 0
-579 -577 -586 0
-579 -581 -582 0
-579 -581 -583 0
-579 -581 -584 0
-579 -581 -578 0
-579 -581 -585 0
-579 -581 -586 0
-579 -582 -583 0
-579 -582 -584 0
-579 -582 -578 0
-579 -582 -585 0
-579 -582 -586 0
-579 -583 -584 0
-579 -583 -578 0
-579 -583 -585 0
-579 -583 -586 0
-579 -584 -578 0
-579 -584 -585 0
-579 -584 -586 0
-579 -578 -585 0
-579 -578 -586 0
-579 -585 -586 0
-580 -577 -581 0
-580 -577 -582 0
-580 -577 -583 0
-580 -577 -584 0
-580 -577 -578 0
-580 -577 -585 0
-580 -577 -586 0
-580 -581 -582 0
-580 -581 -583 0
-580 -581 -584 0
-580 -581 -578 0
-580 -581 -585 0
-580 -581 -586 0
-580 -582 -583 0
-580 -582 -584 0
-580 -582 -578 0
-580 -582 -585 0
-580 -582 -586 0
-580 -583 -584 0
-580 -583 -578 0
-580 -583 -585 0
-580 -583 -586 0
-580 -584 -578 0
-580 -584 -585 0
-580 -584 -586 0
-580 -578 -585 0
-580 -578 -586 0
-580 -585 -586 0
-577 -581 -582 0
-577 -581 -583 0
-577 -581 -584 0
-577 -581 -578 0
-577 -581 -585 0
-577 -581 -586 0
-577 -582 -583 0
-577 -582 -584 0
-577 -582 -578 0
-577 -582 -585 0
-577 -582 -586 0
-577 -583 -584 0
-577 -583 -578 0
-577 -583 -585 0
-577 -583 -586 0
-577 -584 -578 0
-577 -584 -585 0
-577 -584 -586 0
-577 -578 -585 0
-577 -578 -586 0
-577 -585 -586 0
-581 -582 -583 0
-581 -582 -584 0
-581 -582 -578 0
-581 -582 -585 0
-581 -582 -586 0
-581 -583 -584 0
-581 -583 -578 0
-581 -583 -585 0
-581 -583 -586 0
-581 -584 -578 0
-581 -584 -585 0
-581 -584 -586 0
-581 -578 -585 0
-581 -578 -586 0
-581 -585 -586 0
-582 -583 -584 0
-582 -583 -578 0
-582 -583 -585 0
-582 -583 -586 0
-582 -584 -578 0
-582 -584 -585 0
-582 -584 -586 0
-582 -578 -585 0
-582 -578 -586 0
-582 -585 -586 0
-583 -584 -578 0
-583 -584 -585 0
-583 -584 -586 0
-583 -578 -585 0
-583 -578 -586 0
-583 -585 -586 0
-584 -578 -585 0
-584 -578 -586 0
-584 -585 -586 0
-578 -585 -586 0
-1 579 0
-2 579 0
-3 579 0
-4 579 0
-5 579 0
-6 579 0
-7 579 0
-8 579 0
-9 579 0
-10 579 0
-11 579 0
-12 579 0
-13 579 0
-14 579 0
-15 579 0
-16 579 0
-579 1 2 3 4 5 6 7 8 9 10 11 12 13 14 15 16 0
-17 580 0
-18 580 0
-19 580 0
-20 580 0
-21 580 0
-22 580 0
-23 580 0
-24 580 0
-25 580 0
-580 17 18 19 20 21 22 23 24 25 0
-26 577 0
-27 577 0
-28 577 0
-29 577 0
-30 577 0
-31 577 0
-32 577 0
-33 577 0
-34 577 0
-35 577 0
-36 577 0
-37 577 0
-38 577 0
-39 577 0
-40 577 0
-41 577 0
-577 26 27 28 29 30 31 32 33 34 35 36 37 38 39 40 41 0
-42 581 0
-43 581 0
-44 581 0
-45 581 0
-581 42 43 44 45 0
-46 582 0
-47 582 0
-48 582 0
-49 582 0
-582 46 47 48 49 0
-50 583 0
-51 583 0
-52 583 0
-53 583 0
-54 583 0
-55 583 0
-56 583 0
-57 583 0
-58 583 0
-59 583 0
-60 583 0
-61 583 0
-62 583 0
-63 583 0
-64 583 0
-65 583 0
-583 50 51 52 53 54 55 56 57 58 59 60 61 62 63 64 65 0
-66 584 0
-67 584 0
-68 584 0
-69 584 0
-70 584 0
-71 584 0
-72 584 0
-73 584 0
-74 584 0
-75 584 0
-76 584 0
-77 584 0
-78 584 0
-79 584 0
-80 584 0
-81 584 0
-82 584 0
-83 584 0
-84 584 0
-85 584 0
-86 584 0
-87 584 0
-88 584 0
-89 584 0
-90 584 0
-584 66 67 68 69 70 71 72 73 74 75 76 77 78 79 80 81 82 83 84 85 86 87 88 89 90 0
-91 578 0
-92 578 0
-93 578 0
-94 578 0
-578 91 92 93 94 0
-95 585 0
-96 585 0
-97 585 0
-98 585 0
-99 585 0
-100 585 0
-101 585 0
-102 585 0
-103 585 0
-585 95 96 97 98 99 100 101 102 103 0
-104 586 0
-105 586 0
-106 586 0
-107 586 0
-586 104 105 106 107 0
